%YAML:1.0
---
irToVisibleHomography: !!opencv-matrix
  rows: 3
  cols: 3
  dt: d
  data:
    [
      1.0134985557031457e+00,
      -2.2465362630117770e-02,
      -1.1223886644439415e+02,
      1.8483793243384946e-02,
      1.0110321851648882e+00,
      9.6462473523398931e+00,
      2.8821972227460936e-05,
      5.1974246554136127e-07,
      1.,
    ]
visibleToIRHomography: !!opencv-matrix
  rows: 3
  cols: 3
  dt: d
  data:
    [
      9.8622288627895704e-01,
      2.1853515026114306e-02,
      1.1049592760789963e+02,
      -1.7775386314111741e-02,
      9.9181442048719448e-01,
      -1.1554250447611045e+01,
      -2.8480610694765335e-05,
      -1.1565472059118289e-06,
      1.,
    ]
