%YAML:1.0
---
homography: !!opencv-matrix
   rows: 3
   cols: 3
   dt: d
   data: [ 1.0003554802198169e+00, 5.6128407957233874e-02,
       1.5010027191960104e+01, -5.7618044430098143e-03,
       1.0826617866578705e+00, -4.3714658922712218e+01,
       -8.3522921715475338e-05, 2.1550630397039017e-04, 1. ]